AXE-11-_jpg.rf.1c1cf6e5503a2a28b658da0196f3d285.jpg 217,18,998,1187,0
AXE-98-_jpg.rf.06f76a31223fdb9bc47fcb4500f44651.jpg 18,61,210,185,0
AXE-7-_jpg.rf.0b496fecd7b744a532da57c24f964865.jpg 26,186,1141,1000,0
AXE-92-_jpg.rf.111140a1e431b79da590100c99b020ed.jpg 53,82,967,968,0
AXE-59-_jpg.rf.106727d11e3132eaf579390131c4be57.jpg 290,107,650,917,0
AXE-18-_jpg.rf.0b03c53aa28821dfe94d7b2522d5f531.jpg 256,257,743,741,0
AXE-4-_jpg.rf.19e5ab071178461d0553b7b1a54a8ba3.jpg 354,86,712,899,0
AXE-96-_jpg.rf.04ae3adddd0dcb1ec524831da4a1b796.jpg 26,57,209,182,0
AXE-63-_jpg.rf.0857174924f9f15c8e3f2b25f73e5378.jpg 45,84,974,888,0
AXE-111-_jpg.rf.15f32ca82ffb7cd57590fac6808b1589.jpg 82,32,886,960,0
AXE-50-_jpg.rf.07f251e78a21bb18e9c8d0a9b89c1918.jpg 167,373,952,1040,0
AXE-198-_jpg.rf.199406dcc0544e579546a4e5f8f92a15.jpg 53,52,1219,799,0
AXE-5-_jpg.rf.0705aa107c8097e39288b70c68acc4cc.jpg 54,51,1083,985,0
AXE-101-_jpg.rf.0132f10b27cf6193043078882b54e629.jpg 7,476,1191,720,0
AXE-159-_jpg.rf.056bce986485ab7d845c68ab2eff7f06.jpg 184,55,1003,1175,0
AXE-178-_jpg.rf.01957c2a033286d20ab4076ba66c357f.jpg 432,354,991,743,0
AXE-169-_jpg.rf.012d87d4311c5b36d1e1d37ec9929667.jpg 97,21,1093,1192,0
AXE-78-_jpg.rf.11e4e8b3400be33448ef173102e75bce.jpg 0,554,1600,1162,0
AXE-26-_jpg.rf.0aae7adb536cf0e0aa13fffe6273bb99.jpg 355,431,749,993,0
AXE-35-_jpg.rf.02d279929b6caf5b89e5ac0f8dd08395.jpg 76,145,2345,1294,0
AXE-150-_jpg.rf.0b9d7b82c61e6e43c027e59e2694ecb4.jpg 481,6,724,1200,0
AXE-25-_jpg.rf.0a126b8ec9d692d8232183302d4b51f3.jpg 0,556,1600,1165,0
AXE-31-_jpg.rf.19d3b3e15fe3d9f8c8903921e0c05f6a.jpg 227,304,778,624,0
AXE-77-_jpg.rf.043b8be61693308edaa00c295e9bc50e.jpg 182,521,1218,877,0
AXE-29-_jpg.rf.13489432831c2b1165ca882d9b3c28cc.jpg 19,347,1015,618,0
AXE-38-_jpg.rf.1e5034809d599d328528e19bf9910812.jpg 0,638,1600,1076,0
AXE-152-_jpg.rf.1e262b1763deb93409674264ec9e0a03.jpg 116,75,1065,1143,0
AXE-117-_jpg.rf.2126914bf77e986288687de474337c49.jpg 57,0,709,1024,0
AXE-41-_jpg.rf.22e714613b3aea8f97e89f0a2ae2c942.jpg 10,480,1198,726,0
AXE-76-_jpg.rf.1ce06be500233569dbd932895853d3cd.jpg 101,17,1082,1173,0
AXE-93-_jpg.rf.2401e7f6977a4c76247d586eabdc482b.jpg 26,386,949,629,0
AXE-105-_jpg.rf.22eaf82954f2edacdbb27eb3b7e3ccaa.jpg 362,63,638,941,0
AXE-162-_jpg.rf.261197f0c396d47c7b23a1b9b9609ea4.jpg 12,437,1342,923,0
AXE-40-_jpg.rf.23bd3d8c8cc09d380b8ca9127814c0f4.jpg 53,370,975,630,0
AXE-28-_jpg.rf.247766c57ecff38d46f5b400f1334af8.jpg 55,49,1143,984,0
AXE-95-_jpg.rf.24979e107094332464688a388b9d19d3.jpg 312,298,1092,1320,0
AXE-148-_jpg.rf.283ad19f6b648b6c51e0d5f8eb13b374.jpg 67,61,1015,1130,0
AXE-2-_jpg.rf.28e81e70630614d1a37c5f9e81d17ffe.jpg 62,363,942,639,0
AXE-142-_jpg.rf.2e3a676ff95530276cc19f0c6d055429.jpg 637,0,1070,1600,0
AXE-24-_jpg.rf.23884f18383f0cc57a4677299ccd5d4e.jpg 184,526,1220,881,0
AXE-176-_jpg.rf.2bad36bbf99cfdc7b09a87871f2e8d4a.jpg 525,181,884,1223,0
AXE-80-_jpg.rf.2dea5e8ccd1bd91dccb4a92af2b474b5.jpg 57,64,956,1220,0
AXE-62-_jpg.rf.2252f8ba4f38e2ef9466de929520eaf7.jpg 54,204,1175,1018,0
AXE-81-_jpg.rf.2be266f618f834e316d5ea90af6a4a38.jpg 59,57,1144,990,0
AXE-106-_jpg.rf.2d35404c5e9739c184344c851a9aad60.jpg 129,254,852,665,0
AXE-44-_jpg.rf.2652e33afcc272ff73c66c4dfd1a2ce0.jpg 303,286,1084,1308,0
AXE-71-_jpg.rf.2e4785036ebb6ccbf31f0d3412fe03c2.jpg 21,113,1197,1107,0
AXE-175-_jpg.rf.29712fab91c607661034dd5ad0ba2c66.jpg 12,103,1172,1086,0
AXE-58-_jpg.rf.2e2ba3cea793f104f0b6898e048457ef.jpg 485,148,1024,539,0
AXE-163-_jpg.rf.326a2aeaa2b5a01b10d2b1d3b78289d7.jpg 20,206,1191,990,0
AXE-108-_jpg.rf.3101781d15af6b7a155f75460cbdea0b.jpg 56,56,987,1088,0
AXE-67-_jpg.rf.2aeb025672fc8a01721cc6c508a98292.jpg 12,44,1194,1158,0
AXE-52-_jpg.rf.2f8d6a438bf1e9ab70a88a27ba373a18.jpg 1,1,987,960,0
AXE-151-_jpg.rf.3334fda96d91fd82226dceda829da169.jpg 43,28,167,209,0
AXE-110-_jpg.rf.2f5021f315fef27e9bb0010957e6c589.jpg 192,25,1013,1157,0
AXE-177-_jpg.rf.32cf54d2b79f546c2d832e9af31d6588.jpg 561,0,1161,1598,0
AXE-126-_jpg.rf.348e5e6fdabda3eba288ab504675cbb0.jpg 12,103,1170,1084,0
AXE-131-_jpg.rf.3739dab40ca4da07310a2139b9dacd6a.jpg 61,58,1218,955,0
AXE-174-_jpg.rf.34a60bbe6d886c47cc761e57a4f39614.jpg 107,101,876,889,0
AXE-85-_jpg.rf.375440da99362684719e10a12808f246.jpg 27,408,997,612,0
AXE-156-_jpg.rf.3c269a92ce49d1bc8b94ca3199328737.jpg 84,291,897,645,0
AXE-171-_jpg.rf.3feb7aa979853a129b58692e21d2c249.jpg 81,7,1128,1193,0
AXE-104-_jpg.rf.37b2b2147acf8d39f51165bca9773dce.jpg 60,17,185,209,0
AXE-15-_jpg.rf.3a8ea060f38ce3ff5b540f002d0ec73a.jpg 170,144,1113,1028,0
AXE-112-_jpg.rf.413e33b45b2c67d098342207012c9b67.jpg 442,148,832,870,0
AXE-1-_jpg.rf.520deb502c5cfb37b4662e32f65b5770.jpg 16,41,208,165,0
AXE-147-_jpg.rf.434dbb5350f5d766edbfb0ed27898f4b.jpg 57,17,181,199,0
AXE-12-_jpg.rf.4ab1ae3d52a8a71f2b7eab850e8924cf.jpg 12,47,1194,1161,0
AXE-49-_jpg.rf.493ace9f37422d177a7eb5e4c6a076f4.jpg 81,42,1349,1289,0
AXE-66-_jpg.rf.495f557dfadbfc643aeb0b0578a2a3bb.jpg 206,17,989,1186,0
AXE-138-_jpg.rf.3e53f99236be0d290d495f58c7d73dba.jpg 40,66,1282,1380,0
AXE-53-_jpg.rf.4f9db4e709c5f3cb19bb47a36c8aa62b.jpg 10,168,968,809,0
AXE-124-_jpg.rf.505297ade5d7f6611232802cd8956696.jpg 341,18,1136,1024,0
AXE-133-_jpg.rf.42bf493d6fc456700c1d14154405e2d2.jpg 409,0,686,1016,0
AXE-72-_jpg.rf.52726be1193b31336abfe27b061af7d7.jpg 254,263,748,748,0
AXE-122-_jpg.rf.55307116e2104b00b9d91fcb73378710.jpg 74,12,1125,1200,0
AXE-65-_jpg.rf.44d60b61affb5c38a0a54040a09c1e25.jpg 435,13,922,1342,0
AXE-30-_jpg.rf.52d4b4b53bb253c9cd6be7513368d837.jpg 177,34,833,969,0
AXE-153-_jpg.rf.5c8fd67e7908222d668b2a0462faf773.jpg 41,17,165,209,0
AXE-189-_jpg.rf.4c60c7e149fea3d0d95cf47a1d395616.jpg 95,394,1268,769,0
AXE-185-_jpg.rf.546dc352bbfd8943179db331a82d0b77.jpg 503,57,1092,1564,0
AXE-69-_jpg.rf.6120a49a5bd45cbf5655ec2c6f2caa2c.jpg 0,57,1024,712,0
AXE-103-_jpg.rf.5bf5ffa3b46d62f879ed5c4ffaa925a0.jpg 475,9,721,1198,0
AXE-146-_jpg.rf.5dec82d8a9f62233e952393aabead8a8.jpg 18,452,2365,1354,0
AXE-47-_jpg.rf.577cfe76a0cf171b71c87f74c7c0a7a6.jpg 252,25,817,1165,0
AXE-68-_jpg.rf.60d571cfb61eee22760c9f0d434955c2.jpg 67,72,1275,1246,0
AXE-132-_jpg.rf.58f517081fa4870d77d831ef14876f4e.jpg 58,58,987,1146,0
AXE-9-_jpg.rf.549a03fc3de15b122acfa7eea47df20d.jpg 145,469,870,865,0
AXE-14-_jpg.rf.4c006e46e9d2b45961e351e754e7bc15.jpg 0,61,1024,715,0
AXE-199-_jpg.rf.646f9d3e4eefa7599de18611cd358548.jpg 16,44,197,168,0
AXE-39-_jpg.rf.652756cb92602015629ae2333ee6a020.jpg 37,33,951,921,0
AXE-33-_jpg.rf.62fa4501dc60bc0b4b510d2cd0877626.jpg 37,506,1547,1097,0
AXE-100-_jpg.rf.6a80a1f229e2fa063dfe5d333bf4fdc4.jpg 337,130,742,853,0
AXE-157-_jpg.rf.67e55f380b91ba6153fb85e4a8c0ce59.jpg 48,62,983,1091,0
AXE-139-_jpg.rf.6c0692aea90127d9bdb58d57457e44c8.jpg 313,87,1453,2348,0
AXE-194-_jpg.rf.6d6ae20ee2e8877ef3f424f4effa0813.jpg 40,502,2381,1406,0
AXE-60-_jpg.rf.73e556685f5e9ae5f012cdbc79ff097e.jpg 57,58,1090,989,0
AXE-180-_jpg.rf.71e54fd550ab93af4d2a5d0fe5bd4c5c.jpg 47,58,979,1148,0
AXE-197-_jpg.rf.713bb14d8864ce95a82589dff312d01b.jpg 14,322,988,677,0
AXE-161-_jpg.rf.7030cdf83c9788d07c4e748661c9bf92.jpg 469,131,860,857,0
AXE-200-_jpg.rf.7407efe1a097b90d15f3d0f3d226b196.jpg 57,117,1129,1066,0
AXE-13-_jpg.rf.7d0da8e3940ba6689c62070d0ee281cc.jpg 26,60,1237,1232,0
AXE-119-_jpg.rf.6ce7f01144e5f64b9a5e675120a80903.jpg 105,12,1101,1187,0
AXE-21-_jpg.rf.81a60a379c20c6bbc0ca790f0a04ba35.jpg 17,142,1025,939,0
AXE-182-_jpg.rf.7dec352128269eaf86ce04775aaa5f09.jpg 36,170,967,825,0
AXE-109-_jpg.rf.80d5e73fb103fa4eea6291669b9882e5.jpg 42,30,182,196,0
AXE-87-_jpg.rf.75f28c18ec1470e5a5df8f46c9bd705f.jpg 128,41,1436,1284,0
AXE-193-_jpg.rf.7bf8d4f4c3e56af6b2c6de6d6d6b1709.jpg 292,464,1080,709,0
AXE-55-_jpg.rf.831ce167a24fb406362fadb9ae095d98.jpg 0,185,1000,825,0
AXE-170-_jpg.rf.808e1a34a178ae1453c3047a50bea457.jpg 255,256,741,746,0
AXE-181-_jpg.rf.946e2a4a22719649d5f6501111a09f21.jpg 339,14,616,1008,0
AXE-74-_jpg.rf.8acd5241ac1b702c9e48c7a3fca00916.jpg 19,108,1181,1258,0
AXE-127-_jpg.rf.86fd8d8702a18aa7c52de6aa2c5b27eb.jpg 519,185,876,1221,0
AXE-120-_jpg.rf.8892489ba70af33c508140e131f7a946.jpg 260,258,747,747,0
AXE-166-_jpg.rf.9533036237bda0b7a5b6220a34aefd42.jpg 57,2,713,1024,0
AXE-173-_jpg.rf.984360813771e72ffd42c2970647add7.jpg 143,81,939,1088,0
AXE-135-_jpg.rf.89ea297b0a94abba68beab00bce3714a.jpg 379,226,699,779,0
AXE-184-_jpg.rf.8f858583db87fd6399e9b39ecdd7de2f.jpg 413,27,617,999,0
AXE-196-_jpg.rf.990cde15952d30be18b7f34236df1d0f.jpg 273,81,871,1400,0
AXE-36-_jpg.rf.960a487b10245fea66cb01a8e21f184a.jpg 294,507,3808,2001,0
AXE-134-_jpg.rf.9a00efc39117171fa005fcfa2657948e.jpg 33,176,970,834,0
AXE-90-_jpg.rf.96e5f074724b533f94ec6416621eb210.jpg 393,108,768,1280,0
AXE-64-_jpg.rf.8ffb4faf4a63ea818ec00474c15c7859.jpg 129,441,854,832,0
AXE-168-_jpg.rf.9aa06e022ae5363d7977bed39f48806e.jpg 146,335,1191,876,0
AXE-160-_jpg.rf.99817cd49e932e0d041036027c42b050.jpg 116,46,918,973,0
AXE-20-_jpg.rf.9c10c26da3605504f2979d9ab1f555d1.jpg 24,118,1176,1269,0
AXE-56-_jpg.rf.9ea7cbeb93bc83ebbfef93b11fb38691.jpg 266,36,998,2146,0
AXE-113-_jpg.rf.a229e158b0cb43a8544957673880c115.jpg 11,433,1340,914,0
AXE-10-_jpg.rf.a0ba68831f9400197b309fd6c648855c.jpg 432,13,914,1346,0
AXE-195-_jpg.rf.9f3bf5ea421b29397c1da11396dc0c67.jpg 280,320,1306,1097,0
AXE-99-_jpg.rf.9d2d0cad474d51c8234f8ec881e69e7c.jpg 62,361,941,634,0
AXE-137-_jpg.rf.97ee5ed1d7e9ace38d3bb028add10524.jpg 508,44,1099,1552,0
AXE-140-_jpg.rf.a37070dc8ab40b3c5d8d57dfcb78625f.jpg 749,304,2259,3808,0
AXE-86-_jpg.rf.9a6fe073132a0034a8893b3448bf4b21.jpg 53,512,1555,1096,0
AXE-186-_jpg.rf.a3e44585a6e5e4263017a9294b7bf01f.jpg 34,126,1272,1436,0
AXE-129-_jpg.rf.aa8d6c3d7c3ff7b0f9d23e53312e7482.jpg 552,3,1154,1600,0
AXE-154-_jpg.rf.b40fb950cd2f0e90dedd67bb97adc8e6.jpg 363,63,638,943,0
AXE-23-_jpg.rf.a54a0b9ff041cb48923885dbe8a44585.jpg 100,15,1082,1172,0
AXE-121-_jpg.rf.9e90e2cb7ffe5864df1ef2d218582209.jpg 338,200,1149,1108,0
AXE-51-_jpg.rf.a5b6a4a87d4440090d74c9430bdfde9d.jpg 323,15,828,1477,0
AXE-158-_jpg.rf.aea45e123804a57ed97a3d627b2345ac.jpg 42,30,183,195,0
AXE-179-_jpg.rf.b9e574cf322e2cdae21e4eaa863e7e94.jpg 82,57,1240,956,0
AXE-190-_jpg.rf.b576c14a2e2b827cbcc10fa065b178a9.jpg 638,0,1073,1600,0
AXE-22-_jpg.rf.b72b8cdde0a76ea613d7b0bb60ac0a1d.jpg 114,111,902,878,0
AXE-107-_jpg.rf.c0bc7146ade87679ecc8a4a18ff28239.jpg 105,356,917,713,0
AXE-116-_jpg.rf.b810efb4bc56615d9938753ebb5b4765.jpg 70,25,1244,1239,0
AXE-145-_jpg.rf.be3d2bba31dab1b8dc3b71a0cea2d039.jpg 293,496,1081,740,0
AXE-143-_jpg.rf.be7ac7c8756b050487db780d6f1bb0ba.jpg 83,36,970,950,0
AXE-46-_jpg.rf.b90dec493c7b269b4326695be5926c7c.jpg 204,505,1001,694,0
AXE-16-_jpg.rf.bf6f7cf6f61292380f06df17d4eeebee.jpg 329,150,868,1193,0
AXE-136-_jpg.rf.cf1f21c8cf48484843410981a203d65d.jpg 408,29,612,1001,0
AXE-123-_jpg.rf.c07bcc1b5becf014693f1785e00f08f4.jpg 117,23,1254,1169,0
AXE-43-_jpg.rf.c5ea909e03b42a4298a9db2598027fcc.jpg 451,44,1352,2382,0
AXE-130-_jpg.rf.c7763fadea61a45a85f988a84054c011.jpg 432,356,993,743,0
AXE-70-_jpg.rf.d4f05aef22a9f19e93c5ccf823e8df5b.jpg 92,179,1034,1062,0
AXE-73-_jpg.rf.baf67d8c22cddfce8a70a5ca1ecd92aa.jpg 7,76,1192,1125,0
AXE-82-_jpg.rf.bb7ee500f04a4106ef14ce781a268331.jpg 13,411,1008,688,0
AXE-128-_jpg.rf.d46d036289dacde957e0fcb97afb1571.jpg 158,55,1022,1201,0
AXE-91-_jpg.rf.c990bfd308ff45014f0789aee9e3617c.jpg 0,639,1600,1074,0
AXE-83-_jpg.rf.c6042b4f9db8598abfec7ed4df51d018.jpg 169,35,827,969,0
AXE-37-_jpg.rf.be4d63f4269392e29f4a1dc4ef6a215c.jpg 434,95,809,1272,0
AXE-3-_jpg.rf.c4be3fd9a3151a43c0fcb88a41ab9ea3.jpg 252,152,665,874,0
AXE-188-_jpg.rf.d4c529d93777b0d8b28c6307a9571d84.jpg 491,310,1997,3821,0
AXE-149-_jpg.rf.c6e661483ced015a72c6adb194edd51a.jpg 27,413,998,618,0
AXE-89-_jpg.rf.c51f67cc3255415e691d42adee973047.jpg 291,743,3811,2251,0
AXE-141-_jpg.rf.d6d9edfd64734ef72387469cacf94ae4.jpg 108,435,1278,808,0
AXE-187-_jpg.rf.c8e348a34fb5657872061f95d8fce2d6.jpg 140,58,1290,2327,0
AXE-118-_jpg.rf.de372addfb41aa8087158f02418200dc.jpg 177,171,1061,1111,0
AXE-191-_jpg.rf.db73fb26c9dd5f6b372235e050b7b73d.jpg 32,54,919,968,0
AXE-17-_jpg.rf.dffd67cb48a9afcdecb883652fd0efd6.jpg 11,99,1183,1092,0
AXE-84-_jpg.rf.de55530f027c5dc8b3cb52961463104a.jpg 225,378,775,700,0
AXE-94-_jpg.rf.d8acb48696bc60b06e9318e2d1f71f72.jpg 502,24,1402,2370,0
AXE-167-_jpg.rf.d15d22784ab87b77b222cac3d8584774.jpg 144,95,1023,1034,0
AXE-27-_jpg.rf.dfbf1ce9a25381bf665d63b66d965d68.jpg 58,86,952,1238,0
AXE-125-_jpg.rf.db4bd4388c6e3f6d93387e0ccea847da.jpg 128,116,893,900,0
AXE-6-_jpg.rf.e1ab82e732e8b432abefb8402997762a.jpg 31,43,195,182,0
AXE-165-_jpg.rf.e273f69997070a25a8573badd41d4ee9.jpg 60,69,1232,1279,0
AXE-164-_jpg.rf.e1ec45a8fd6b6d3d8964bbba535c8888.jpg 43,11,1157,1195,0
AXE-79-_jpg.rf.e43589e6d13d64e949ddb54f4bdc7d5b.jpg 353,432,747,994,0
AXE-114-_jpg.rf.e1a62294799d1b2ac8d75f2a09d0fe83.jpg 13,220,1181,997,0
AXE-75-_jpg.rf.e3a875d7778621914fb15875c4b1efcd.jpg 101,129,887,894,0
AXE-172-_jpg.rf.e3a9e202439861c97a265dfec255fdf9.jpg 117,24,1268,1180,0
AXE-192-_jpg.rf.f14499d94fe61f11fd2fb06601c21509.jpg 371,26,630,952,0
AXE-19-_jpg.rf.e9c74291f1784bc7265812170fa17460.jpg 5,79,1187,1127,0
AXE-48-_jpg.rf.eb36a1657e3e9d947f2e7a088978b466.jpg 135,38,1153,739,0
AXE-115-_jpg.rf.ea270e7ce6621c3d5b56ea5f159a009f.jpg 42,12,1155,1200,0
AXE-8-_jpg.rf.f41c44aaeaa2d6c7c5b74a344667c86c.jpg 29,117,958,921,0
AXE-183-_jpg.rf.fb6938e359618a1668332fb6bf5b969b.jpg 301,225,622,777,0
AXE-97-_jpg.rf.f5bfdd17f6578c8412dda40f079bef9c.jpg 73,68,1143,1016,0
AXE-61-_jpg.rf.e954ec97f41237127faf6cc2c8c81993.jpg 30,42,197,183,0
AXE-144-_jpg.rf.f95dc027e16d85e2c4e5781a564b872b.jpg 373,54,632,978,0
AXE-34-_jpg.rf.fa383c41c1ea6bf71f6bf04f1473d72e.jpg 66,35,1375,1276,0
AXE-54-_jpg.rf.f60307a9aba6ebd4b75d22871d516a42.jpg 37,40,4690,1391,0
AXE-155-_jpg.rf.fb712dadb2e3fe185c2bc74a9aa19760.jpg 150,338,871,749,0
AXE-42-_jpg.rf.ef915d158c86ebd889277e6eca3b38a1.jpg 495,293,738,1084,0
AXE-88-_jpg.rf.fe2a5d2a7c0ab2ea5ba5f4a581069bbe.jpg 43,309,2315,1455,0
AXE-102-_jpg.rf.e646dd5ad77b848202e0b7ee309fbb6d.jpg 152,634,539,1176,0